Obiekt41 - A,0,1,0,1,0,1,1,0,0
Obiekt42 - A,0,1,1,0,0,0,0,0,0
Obiekt43 - A,1,1,1,0,1,0,0,0,1
Obiekt44 - A,1,0,1,0,0,0,1,0,0
Obiekt45 - A,1,0,1,0,1,0,0,1,1
Obiekt46 - A,0,1,1,0,0,0,1,0,0
Obiekt47 - A,1,1,0,1,1,1,0,1,0
Obiekt48 - A,0,1,1,0,1,1,0,0,0
Obiekt49 - A,0,1,1,1,0,1,0,0,1
Obiekt50 - A,1,1,1,1,0,0,0,0,1
Obiekt51 - B,1,0,1,0,1,1,1,1,1
Obiekt52 - B,1,1,1,1,1,0,1,1,1
Obiekt53 - B,0,0,1,1,0,0,0,1,0
Obiekt54 - B,0,0,0,1,0,0,0,1,1
Obiekt55 - B,0,0,0,1,0,0,1,1,0
Obiekt56 - B,1,0,1,0,1,1,1,0,1
Obiekt57 - B,1,1,0,1,1,0,1,0,1
Obiekt58 - B,0,1,1,0,1,0,0,1,1
Obiekt59 - B,0,0,1,0,0,0,0,0,1
Obiekt60 - B,1,0,0,1,1,1,1,0,1
